0,500
0,499
0,498
0,497
0,496
0,495
0,494
0,493
0,492
0,491
0,490
0,489
0,488
0,487
0,486
0,485
0,484
0,483
17,2
17,1
17,3
15,2
15,1
15,3
16,2
16,1
16,3
13,2
14,2
4,40
4,39
4,4
4,10
4,88
4,36
4,30
4,20
4,34
4,28
4,1
4,38
4,2
4,3
6,6
6,1
6,7
6,2
6,3
7,12
7,10
7,4
7,13
7,9
7,11
7,1
7,5
7,2
7,3
5,4
5,2
5,1
5,3
0,482
0,481
0,480
0,479
0,478
0,477
0,476
0,475
0,474
55,4
55,3
55,2
55,1
55,0
54,3
54,2
54,1
54,0
49,43
49,42
53,4
53,3
53,2
53,1
53,0
52,3
52,2
52,1
52,0
51,3
51,2
51,1
51,0
0,473
0,472
49,41
50,3
50,2
0,9
50,1
50,0
41,1
41,3
49,40
49,39
49,38
49,37
49,36
49,35
3,2
3,1
3,3
10,125
